PS C:\Users\heihachi\Documents\Python Scripts\LunarLander> py .\main_vec.py -l
physical_gpu_devices [PhysicalDevice(name='/physical_device:GPU:0', device_type='GPU')]
physical_cpu_devices [PhysicalDevice(name='/physical_device:CPU:0', device_type='CPU')]
USING CPU [PhysicalDevice(name='/physical_device:CPU:0', device_type='CPU')]
cannot load weights weights_MountainCar-v0_DuelingDeepQNetwork_VECCPU.h5

ITER 0/100
train (eps=0.10): 100%|██████████████████████████████████████████████████████████| 10000/10000 [04:55<00:00, 33.84it/s]
weights saved to weights_MountainCar-v0_DuelingDeepQNetwork_VECCPU.h5
collected memory entries: 120000
took 295.48 secs to train
eval (120 completed): 100%|███████████████████████████████████████████████████████| 2000/2000 [00:02<00:00, 889.12it/s]
eval scores [-200, -200, -200, -200, -200, -200, -200, -200, -200, -200, -200, -200, -200, -200, -200, -200, -200, -200, -200, -200, -200, -200, -200, -200, -200, -200, -200, -200, -200, -200, -200, -200, -200, -200, -200, -200, -200, -200, -200, -200, -200, -200, -200, -200, -200, -200, -200, -200, -200, -200, -200, -200, -200, -200, -200, -200, -200, -200, -200, -200, -200, -200, -200, -200, -200, -200, -200, -200, -200, -200, -200, -200, -200, -200, -200, -200, -200, -200, -200, -200, -200, -200, -200, -200, -200, -200, -200, -200, -200, -200, -200, -200, -200, -200, -200, -200, -200, -200, -200, -200, -200, -200, -200, -200, -200, -200, -200, -200, -200, -200, -200, -200, -200, -200, -200, -200, -200, -200, -200, -200] (mean=-200)
took 13.87 secs to eval
total run time: 0h 5m 19s

ITER 1/100
train (eps=0.10): 100%|██████████████████████████████████████████████████████████| 10000/10000 [05:12<00:00, 32.00it/s]
weights saved to weights_MountainCar-v0_DuelingDeepQNetwork_VECCPU.h5
collected memory entries: 240000
took 312.46 secs to train
eval (120 completed): 100%|███████████████████████████████████████████████████████| 2000/2000 [00:02<00:00, 870.05it/s]
eval scores [-200, -200, -200, -200, -200, -200, -200, -200, -200, -200, -200, -200, -200, -200, -200, -200, -200, -200, -200, -200, -200, -200, -200, -200, -200, -200, -200, -200, -200, -200, -200, -200, -200, -200, -200, -200, -200, -200, -200, -200, -200, -200, -200, -200, -200, -200, -200, -200, -200, -200, -200, -200, -200, -200, -200, -200, -200, -200, -200, -200, -200, -200, -200, -200, -200, -200, -200, -200, -200, -200, -200, -200, -200, -200, -200, -200, -200, -200, -200, -200, -200, -200, -200, -200, -200, -200, -200, -200, -200, -200, -200, -200, -200, -200, -200, -200, -200, -200, -200, -200, -200, -200, -200, -200, -200, -200, -200, -200, -200, -200, -200, -200, -200, -200, -200, -200, -200, -200, -200, -200] (mean=-200)
took 13.88 secs to eval
total run time: 0h 10m 46s

ITER 2/100
train (eps=0.10): 100%|██████████████████████████████████████████████████████████| 10000/10000 [05:39<00:00, 29.42it/s]
weights saved to weights_MountainCar-v0_DuelingDeepQNetwork_VECCPU.h5
collected memory entries: 360000
took 339.86 secs to train
eval (126 completed): 100%|███████████████████████████████████████████████████████| 2000/2000 [00:02<00:00, 882.90it/s]
eval scores [-129, -136, -200, -200, -200, -200, -200, -200, -200, -200, -200, -200, -200, -136, -200, -200, -200, -200, -200, -200, -200, -200, -200, -200, -131, -141, -129, -200, -139, -200, -200, -200, -200, -200, -200, -200, -200, -200, -200, -136, -200, -200, -144, -200, -200, -200, -200, -200, -131, -129, -200, -200, -129, -200, -200, -200, -200, -200, -200, -200, -200, -200, -200, -130, -200, -200, -200, -200, -200, -200, -200, -200, -200, -200, -200, -200, -200, -144, -200, -200, -200, -200, -200, -200, -134, -139, -145, -139, -200, -200, -136, -130, -134, -130, -132, -200, -130, -200, -200, -200, -200, -129, -130, -200, -139, -139, -200, -200, -149, -200, -200, -136, -200, -132, -200, -139, -200, -200, -200, -129, -200, -130, -134, -141, -200, -129] (mean=-180)
took 13.98 secs to eval
total run time: 0h 16m 40s

ITER 3/100
train (eps=0.10): 100%|██████████████████████████████████████████████████████████| 10000/10000 [05:58<00:00, 27.86it/s]
weights saved to weights_MountainCar-v0_DuelingDeepQNetwork_VECCPU.h5
collected memory entries: 480000
took 358.90 secs to train
eval (208 completed): 100%|███████████████████████████████████████████████████████| 2000/2000 [00:02<00:00, 861.82it/s]
eval scores [-89, -92, -93, -97, -99, -116, -117, -117, -117, -118, -120, -171, -105, -119, -92, -116, -116, -123, -115, -116, -117, -123, -88, -168, -88, -89, -91, -105, -91, -119, -105, -124, -124, -178, -90, -117, -94, -89, -117, -96, -88, -124, -101, -89, -123, -90, -115, -123, -122, -90, -91, -89, -99, -116, -116, -97, -120, -89, -116, -92, -117, -124, -89, -121, -122, -118, -116, -89, -89, -88, -102, -90, -124, -117, -122, -115, -117, -88, -116, -92, -93, -119, -117, -170, -119, -92, -116, -169, -89, -174, -187, -119, -120, -92, -120, -89, -95, -171, -123, -123, -116, -177, -119, -115, -117, -116, -88, -115, -115, -119, -119, -116, -93, -123, -92, -117, -116, -100, -115, -119, -116, -95, -123, -92, -100, -91, -171, -115, -118, -116, -124, -88, -123, -171, -123, -90, -115, -173, -120, -91, -117, -96, -95, -88, -115, -123, -119, -97, -88, -120, -115, -89, -116, -91, -92, -89, -89, -115, -173, -89, -90, -89, -123, -110, -123, -116, -98, -88, -91, -115, -93, -123, -116, -97, -116, -123, -100, -178, -91, -120, -88, -115, -99, -122, -90, -123, -88, -124, -97, -117, -118, -115, -115, -98, -123, -89, -89, -119, -115, -89, -92, -89, -115, -116, -124, -116, -118, -120] (mean=-111)
took 14.09 secs to eval
total run time: 0h 22m 53s

ITER 4/100
train (eps=0.10): 100%|██████████████████████████████████████████████████████████| 10000/10000 [06:19<00:00, 26.37it/s]
weights saved to weights_MountainCar-v0_DuelingDeepQNetwork_VECCPU.h5
collected memory entries: 600000
took 379.26 secs to train
eval (141 completed): 100%|███████████████████████████████████████████████████████| 2000/2000 [00:02<00:00, 862.27it/s]
eval scores [-118, -120, -123, -130, -200, -200, -200, -200, -200, -200, -200, -200, -120, -118, -120, -121, -200, -126, -130, -118, -120, -118, -200, -200, -200, -200, -200, -119, -130, -119, -119, -120, -121, -200, -121, -200, -200, -200, -200, -121, -200, -130, -200, -120, -200, -200, -200, -200, -200, -200, -120, -130, -200, -129, -200, -200, -200, -200, -200, -200, -126, -119, -200, -200, -200, -200, -118, -120, -200, -121, -123, -121, -122, -119, -132, -130, -120, -130, -130, -130, -124, -118, -119, -200, -200, -200, -200, -200, -200, -130, -200, -200, -200, -119, -129, -132, -123, -130, -200, -118, -200, -200, -200, -118, -118, -117, -200, -119, -200, -120, -200, -200, -200, -130, -200, -131, -128, -200, -120, -200, -117, -200, -130, -129, -124, -121, -200, -200, -120, -200, -122, -200, -200, -200, -200, -200, -200, -200, -200, -200, -121] (mean=-162)
took 13.87 secs to eval
total run time: 0h 29m 26s

ITER 5/100
train (eps=0.10): 100%|██████████████████████████████████████████████████████████| 10000/10000 [06:44<00:00, 24.70it/s]
weights saved to weights_MountainCar-v0_DuelingDeepQNetwork_VECCPU.h5
collected memory entries: 720000
took 404.80 secs to train
eval (203 completed): 100%|███████████████████████████████████████████████████████| 2000/2000 [00:02<00:00, 867.52it/s]
eval scores [-113, -114, -116, -116, -116, -116, -117, -117, -117, -119, -119, -122, -115, -116, -114, -114, -116, -116, -117, -118, -116, -117, -119, -117, -113, -115, -118, -114, -116, -117, -118, -116, -117, -115, -122, -127, -117, -114, -117, -117, -117, -115, -120, -119, -118, -118, -123, -117, -117, -115, -114, -118, -117, -115, -115, -116, -116, -116, -116, -117, -114, -117, -115, -119, -116, -113, -116, -117, -116, -118, -114, -119, -114, -114, -114, -117, -119, -116, -117, -118, -117, -118, -117, -118, -117, -118, -117, -117, -118, -116, -117, -116, -124, -118, -117, -118, -114, -117, -118, -115, -114, -118, -117, -117, -114, -113, -116, -116, -116, -117, -113, -117, -119, -117, -114, -118, -118, -114, -116, -120, -117, -120, -117, -123, -117, -116, -116, -122, -119, -118, -123, -113, -117, -115, -118, -117, -116, -117, -117, -118, -116, -117, -117, -122, -114, -117, -117, -116, -117, -116, -117, -116, -114, -120, -117, -116, -117, -119, -117, -115, -117, -113, -117, -116, -117, -114, -118, -126, -114, -118, -116, -121, -116, -118, -116, -117, -115, -122, -118, -115, -117, -116, -115, -117, -115, -116, -115, -117, -114, -116, -118, -117, -116, -116, -114, -115, -116, -116, -114, -117, -120, -118, -115] (mean=-116)
took 13.92 secs to eval
total run time: 0h 36m 25s

ITER 6/100
train (eps=0.10): 100%|██████████████████████████████████████████████████████████| 10000/10000 [07:11<00:00, 23.19it/s]
weights saved to weights_MountainCar-v0_DuelingDeepQNetwork_VECCPU.h5
collected memory entries: 840000
took 431.21 secs to train
eval (182 completed): 100%|███████████████████████████████████████████████████████| 2000/2000 [00:02<00:00, 864.76it/s]
eval scores [-87, -88, -89, -95, -97, -101, -102, -150, -152, -154, -163, -88, -86, -189, -117, -86, -86, -150, -159, -152, -86, -86, -106, -200, -153, -100, -89, -160, -156, -150, -151, -162, -160, -92, -156, -150, -86, -150, -151, -154, -106, -90, -158, -107, -164, -156, -150, -92, -154, -166, -164, -157, -86, -150, -150, -88, -94, -86, -105, -165, -87, -154, -92, -181, -161, -155, -152, -88, -93, -161, -86, -91, -156, -104, -96, -150, -86, -90, -97, -151, -95, -151, -87, -115, -96, -102, -150, -98, -96, -150, -174, -89, -88, -86, -183, -102, -187, -150, -86, -152, -89, -150, -150, -150, -152, -110, -150, -89, -90, -88, -90, -165, -151, -155, -86, -86, -150, -163, -161, -150, -86, -86, -86, -154, -109, -86, -88, -91, -157, -91, -150, -169, -116, -162, -151, -101, -88, -150, -88, -153, -106, -178, -188, -96, -86, -150, -95, -154, -161, -188, -93, -159, -155, -89, -158, -181, -164, -154, -151, -151, -88, -170, -152, -152, -152, -151, -86, -200, -150, -189, -89, -88, -97, -86, -95, -151, -90, -97, -154, -153, -150, -150] (mean=-127)
took 13.92 secs to eval
total run time: 0h 43m 50s

ITER 7/100
train (eps=0.10): 100%|██████████████████████████████████████████████████████████| 10000/10000 [07:35<00:00, 21.96it/s]
weights saved to weights_MountainCar-v0_DuelingDeepQNetwork_VECCPU.h5
collected memory entries: 960000
took 455.36 secs to train
eval (208 completed): 100%|███████████████████████████████████████████████████████| 2000/2000 [00:02<00:00, 858.16it/s]
eval scores [-84, -111, -111, -112, -112, -113, -113, -114, -115, -115, -116, -116, -112, -84, -84, -111, -114, -115, -116, -113, -115, -114, -113, -115, -112, -115, -115, -115, -112, -114, -116, -116, -116, -115, -115, -114, -111, -116, -113, -111, -114, -111, -113, -114, -114, -115, -113, -115, -114, -84, -115, -113, -84, -114, -113, -112, -113, -115, -114, -114, -114, -112, -112, -114, -112, -114, -115, -110, -115, -115, -114, -114, -110, -115, -114, -114, -113, -113, -111, -113, -115, -111, -113, -115, -114, -112, -115, -111, -84, -115, -115, -114, -112, -113, -111, -114, -84, -113, -110, -115, -113, -114, -117, -111, -114, -112, -112, -116, -84, -110, -84, -113, -113, -115, -117, -115, -115, -115, -116, -115, -116, -111, -114, -112, -113, -113, -111, -116, -114, -110, -115, -112, -114, -116, -113, -115, -111, -116, -114, -114, -114, -114, -113, -113, -113, -84, -111, -111, -115, -114, -84, -115, -113, -111, -111, -114, -113, -117, -115, -110, -115, -115, -114, -114, -115, -113, -113, -115, -115, -114, -111, -115, -111, -114, -114, -115, -115, -112, -114, -111, -83, -83, -84, -113, -115, -112, -110, -115, -115, -111, -116, -114, -114, -115, -115, -114, -111, -112, -115, -115, -115, -116, -110, -113, -115, -114, -113, -113] (mean=-111)
took 14.34 secs to eval
total run time: 0h 51m 40s

ITER 8/100
train (eps=0.10): 100%|██████████████████████████████████████████████████████████| 10000/10000 [07:47<00:00, 21.41it/s]
weights saved to weights_MountainCar-v0_DuelingDeepQNetwork_VECCPU.h5
collected memory entries: 1000000
took 467.15 secs to train
eval (190 completed): 100%|███████████████████████████████████████████████████████| 2000/2000 [00:02<00:00, 855.17it/s]
eval scores [-85, -86, -87, -89, -97, -104, -144, -144, -145, -146, -149, -149, -89, -109, -120, -85, -145, -144, -86, -98, -145, -93, -145, -154, -167, -93, -94, -84, -144, -124, -101, -145, -89, -144, -87, -145, -87, -87, -84, -101, -151, -91, -101, -84, -148, -109, -85, -144, -145, -157, -87, -92, -158, -85, -109, -85, -181, -83, -159, -143, -84, -144, -102, -183, -84, -148, -143, -91, -150, -92, -151, -85, -169, -85, -94, -149, -168, -145, -144, -143, -86, -95, -145, -144, -169, -176, -150, -90, -143, -146, -96, -84, -87, -87, -144, -86, -143, -145, -145, -97, -87, -85, -94, -100, -89, -84, -158, -84, -151, -143, -89, -158, -90, -168, -144, -87, -156, -143, -86, -146, -84, -97, -145, -84, -143, -86, -145, -155, -144, -145, -89, -153, -90, -93, -145, -88, -164, -145, -122, -144, -87, -148, -84, -145, -152, -95, -93, -86, -93, -149, -145, -98, -113, -143, -147, -144, -144, -94, -148, -85, -150, -171, -143, -145, -112, -90, -126, -84, -144, -200, -87, -173, -84, -148, -151, -145, -84, -151, -143, -158, -106, -144, -151, -143, -85, -145, -84, -149, -146, -146] (mean=-122)
took 14.20 secs to eval
total run time: 0h 59m 41s

ITER 9/100
train (eps=0.10): 100%|██████████████████████████████████████████████████████████| 10000/10000 [07:47<00:00, 21.38it/s]
weights saved to weights_MountainCar-v0_DuelingDeepQNetwork_VECCPU.h5
collected memory entries: 1000000
took 467.68 secs to train
eval (185 completed): 100%|███████████████████████████████████████████████████████| 2000/2000 [00:02<00:00, 854.55it/s]
eval scores [-85, -91, -93, -95, -96, -107, -115, -146, -147, -150, -152, -155, -85, -89, -87, -85, -86, -85, -149, -149, -155, -84, -146, -148, -150, -84, -160, -150, -151, -146, -146, -146, -98, -152, -86, -96, -147, -146, -149, -85, -149, -179, -87, -89, -127, -149, -172, -148, -87, -147, -146, -96, -146, -174, -85, -150, -86, -147, -146, -86, -99, -148, -148, -148, -93, -147, -148, -146, -89, -148, -90, -109, -147, -146, -84, -87, -150, -146, -96, -85, -150, -146, -87, -146, -147, -147, -149, -84, -148, -155, -146, -146, -86, -87, -91, -146, -97, -106, -92, -106, -148, -146, -146, -94, -148, -87, -90, -148, -178, -147, -91, -146, -146, -146, -146, -161, -93, -94, -86, -148, -84, -188, -95, -84, -88, -146, -148, -146, -86, -146, -86, -148, -147, -161, -98, -94, -86, -105, -146, -147, -127, -149, -84, -104, -150, -84, -148, -146, -90, -146, -103, -146, -147, -151, -86, -149, -146, -99, -85, -155, -88, -86, -148, -151, -146, -93, -167, -85, -147, -92, -148, -148, -88, -94, -146, -147, -85, -146, -91, -146, -114, -86, -146, -155, -146] (mean=-124)
took 14.15 secs to eval
total run time: 1h 7m 43s

ITER 10/100
train (eps=0.10): 100%|██████████████████████████████████████████████████████████| 10000/10000 [07:58<00:00, 20.91it/s]
weights saved to weights_MountainCar-v0_DuelingDeepQNetwork_VECCPU.h5
collected memory entries: 1000000
took 478.20 secs to train
eval (163 completed): 100%|███████████████████████████████████████████████████████| 2000/2000 [00:02<00:00, 833.99it/s]
eval scores [-84, -86, -87, -88, -98, -100, -103, -113, -128, -156, -94, -88, -87, -191, -110, -200, -113, -83, -158, -155, -101, -84, -103, -193, -106, -112, -87, -144, -89, -200, -98, -200, -200, -89, -156, -85, -86, -97, -200, -156, -200, -200, -200, -191, -200, -85, -120, -86, -152, -138, -200, -130, -200, -158, -183, -156, -113, -194, -155, -89, -86, -112, -192, -85, -163, -136, -156, -191, -200, -161, -194, -113, -88, -84, -200, -200, -85, -199, -86, -200, -156, -99, -130, -200, -90, -132, -200, -86, -200, -118, -155, -87, -85, -162, -195, -133, -113, -130, -99, -113, -131, -160, -143, -87, -86, -199, -169, -117, -84, -200, -95, -89, -135, -102, -87, -130, -90, -200, -133, -200, -193, -87, -193, -200, -134, -88, -153, -113, -199, -114, -158, -128, -159, -200, -200, -89, -97, -139, -200, -200, -113, -192, -156, -92, -195, -133, -132, -86, -111, -200, -136, -200, -200, -200, -143, -113, -88, -89, -131, -164, -200, -200, -200] (mean=-140)
took 14.93 secs to eval
total run time: 1h 15m 56s

ITER 11/100
train (eps=0.10): 100%|██████████████████████████████████████████████████████████| 10000/10000 [07:58<00:00, 20.90it/s]
weights saved to weights_MountainCar-v0_DuelingDeepQNetwork_VECCPU.h5
collected memory entries: 1000000
took 478.56 secs to train
eval (219 completed): 100%|███████████████████████████████████████████████████████| 2000/2000 [00:02<00:00, 798.32it/s]
eval scores [-102, -102, -108, -110, -110, -111, -111, -111, -112, -113, -114, -114, -87, -89, -89, -99, -107, -109, -111, -111, -110, -113, -110, -111, -88, -84, -109, -111, -87, -110, -111, -89, -111, -110, -113, -115, -92, -86, -95, -110, -111, -109, -85, -110, -90, -114, -156, -85, -87, -110, -87, -90, -177, -114, -112, -111, -114, -88, -110, -110, -84, -90, -110, -111, -96, -91, -111, -127, -115, -109, -111, -91, -111, -103, -86, -111, -111, -97, -108, -165, -158, -111, -89, -112, -197, -103, -87, -110, -124, -114, -130, -114, -93, -109, -111, -113, -86, -84, -115, -86, -115, -111, -113, -110, -194, -89, -111, -90, -110, -88, -111, -114, -86, -111, -84, -86, -112, -85, -94, -88, -83, -114, -110, -112, -85, -95, -110, -113, -110, -91, -158, -113, -83, -86, -114, -110, -95, -110, -113, -114, -112, -86, -114, -102, -91, -112, -183, -113, -94, -114, -89, -108, -111, -111, -93, -86, -109, -87, -108, -85, -109, -113, -110, -94, -110, -110, -86, -114, -112, -88, -110, -111, -85, -112, -111, -102, -83, -162, -112, -162, -109, -114, -84, -102, -101, -110, -87, -111, -111, -115, -86, -114, -114, -110, -86, -109, -200, -109, -101, -108, -109, -112, -112, -116, -114, -108, -91, -99, -86, -89, -110, -86, -157, -94, -86, -84, -113, -111, -112] (mean=-107)
took 15.42 secs to eval
total run time: 1h 24m 10s

ITER 12/100
train (eps=0.10): 100%|██████████████████████████████████████████████████████████| 10000/10000 [07:44<00:00, 21.54it/s]
weights saved to weights_MountainCar-v0_DuelingDeepQNetwork_VECCPU.h5
collected memory entries: 1000000
took 464.22 secs to train
eval (231 completed): 100%|███████████████████████████████████████████████████████| 2000/2000 [00:02<00:00, 838.18it/s]
eval scores [-84, -84, -88, -107, -107, -108, -110, -110, -110, -110, -111, -112, -89, -105, -84, -110, -86, -87, -98, -105, -106, -108, -111, -110, -86, -111, -105, -108, -106, -84, -107, -108, -98, -105, -108, -112, -87, -106, -93, -99, -106, -90, -85, -106, -112, -105, -106, -107, -110, -90, -109, -89, -110, -85, -109, -106, -107, -109, -108, -112, -84, -83, -110, -106, -87, -105, -112, -109, -105, -112, -106, -110, -109, -84, -85, -98, -111, -109, -105, -106, -109, -107, -105, -88, -85, -105, -84, -91, -107, -111, -109, -107, -110, -106, -105, -112, -105, -85, -90, -85, -106, -84, -91, -109, -87, -109, -105, -106, -105, -110, -105, -106, -105, -88, -86, -105, -105, -107, -106, -84, -111, -86, -106, -95, -109, -87, -109, -113, -107, -94, -105, -105, -87, -105, -106, -106, -111, -85, -88, -107, -108, -109, -95, -106, -109, -109, -105, -88, -105, -111, -94, -90, -109, -110, -92, -91, -100, -98, -106, -105, -87, -110, -90, -106, -98, -111, -90, -88, -88, -89, -108, -84, -109, -107, -85, -105, -87, -85, -103, -84, -106, -95, -106, -106, -105, -111, -87, -107, -110, -110, -109, -84, -106, -110, -103, -87, -106, -111, -105, -91, -105, -109, -91, -105, -107, -110, -107, -107, -94, -110, -105, -89, -109, -86, -110, -110, -105, -93, -83, -105, -84, -90, -90, -87, -84, -105, -106, -105, -91, -85, -107] (mean=-100)
took 15.59 secs to eval
total run time: 1h 32m 10s

ITER 13/100
train (eps=0.10): 100%|██████████████████████████████████████████████████████████| 10000/10000 [08:01<00:00, 20.76it/s]
weights saved to weights_MountainCar-v0_DuelingDeepQNetwork_VECCPU.h5
collected memory entries: 1000000
took 481.82 secs to train
eval (232 completed): 100%|███████████████████████████████████████████████████████| 2000/2000 [00:02<00:00, 850.93it/s]
eval scores [-83, -84, -87, -101, -101, -102, -103, -104, -106, -106, -107, -107, -84, -101, -85, -84, -107, -101, -104, -106, -104, -106, -106, -106, -86, -107, -105, -107, -106, -106, -107, -100, -105, -105, -107, -105, -86, -106, -85, -101, -105, -104, -104, -102, -107, -107, -106, -106, -107, -86, -103, -100, -106, -106, -106, -105, -105, -106, -106, -107, -106, -106, -101, -104, -84, -106, -87, -88, -85, -106, -103, -107, -106, -105, -85, -105, -106, -106, -101, -105, -105, -107, -106, -107, -84, -107, -105, -88, -105, -103, -83, -107, -104, -103, -101, -85, -106, -103, -106, -86, -105, -84, -104, -107, -105, -106, -107, -106, -107, -102, -83, -84, -87, -87, -106, -87, -105, -107, -107, -104, -105, -83, -103, -106, -105, -87, -106, -102, -106, -101, -104, -84, -105, -104, -83, -107, -106, -106, -105, -104, -107, -85, -106, -105, -103, -87, -83, -106, -102, -105, -85, -107, -106, -107, -100, -105, -83, -103, -106, -86, -107, -104, -106, -106, -106, -106, -105, -104, -88, -107, -107, -103, -104, -104, -107, -84, -105, -105, -100, -106, -87, -106, -107, -86, -101, -87, -107, -101, -103, -101, -107, -104, -104, -107, -106, -87, -104, -105, -106, -106, -105, -86, -106, -106, -107, -106, -107, -105, -106, -105, -86, -103, -105, -102, -106, -106, -100, -106, -86, -105, -103, -107, -85, -107, -105, -104, -101, -83, -103, -106, -87, -106] (mean=-100)
took 15.01 secs to eval
total run time: 1h 40m 27s
